size
6115
11873
1062
316
277
255
323
1800
779
1587
608
1418
2006
43
6514
84697
28950
6416
62516
234
320
20327
22165
30284
39692
16480
29155
2491
5500
15948
9382
16985
19604
19765
21909
86222
57691
36377
55852
190
1328
1572
14877
3512
30803
17383
2564
68845
7534
25626
48912
10748
5519
53216
15411
35917
38598
23659
15897
2354
45397
23916
34784
29888
31075
9382
4504
25032
32328
10256
11821
19612
17043
18072
22214
21884
16331
15024
22284
23932
10970
534
14326
9638
7509
7897
48055
46886
50589
50626
26407
42926
41815
9109
33986
38593
51100
7072
50513
1528
34948
45177
3949
4357
255
11483
3810
1351
1198
42242
1140
1969
3863
1446
34958
2944
85757
2825
891
826
1028
1007
18216
1403
14038
124611
7577
41780
19129
19066
27497
94041
1065
1488
72174
81609
22346
11845
13048
21034
9033
12450
27506
3962
8594
7322
6496
5558
8901
12436
1350
45219
17506
1352
5365
9035
10705
108015
36141
24998
13007
16719
4472
4422
3753
777
2080
5067
7450
7692
1290
41093
3730
21366
337
20547
5231
17073
1587
27409
4146
565
442
90
542
337
565
604
604
325
542
557
557
442
5575
533
533
511
462
511
462
321
516
516
654
536
654
1665
609
498
609
498
90
316
594
671
316
4828
287
287
550
34184
654
654
309
594
309
398
398
671
550
432
432
598
241
391
241
598
536
391
646
646
486
486
605
583
525
583
432
525
592
592
18909
432
605
19604
670
534
704
1602
604
72
5356
554
5936
2289
4946
37657
13995
602
2181
52019
72432
763
332
963
900
332
1029
577
785
1023
684
1115
312
143
285
