size
5231
8013
78855
11696
5819
9131
8297
6891
4403
21235
7354
16171
25296
14622
22193
11310
7160
9908
11022
13489
10052
8418
11881
5446
6344
7656
8721
6543
8777
9928
6807
9255
12147
9255
9799
11137
12912
9527
7114
9199
11979
10420
6544
10174
10195
5856
10958
5035
7272
5745
9499
9751
10628
4014
10361
6621
9464
10156
11171
1204
7773
9673
11538
5877
7591
11103
6508
9148
10202
11730
3918
11761
12428
10433
6470
8482
10119
7592
51914
12608
10710
7747
6701
10642
8867
7223
10227
8347
7808
8297
11289
11309
7096
6109
8348
6191
9568
11225
126110
10173
11134
10555
7729
6009
11533
6033
10550
5872
6665
9926
7443
6662
8136
11865
9865
7561
7571
34046
10615
8224
11386
12034
9459
6182
12969
11311
3888
9676
9326
9475
6876
12887
5851
8719
10164
10875
4637
6871
4487
12657
8676
9820
8874
8172
7271
8364
11114
6570
10105
6248
4739
7170
10737
5829
12000
8518
10410
10591
8062
10491
6428
5803
5620
9474
9372
10159
8554
9287
10879
11952
11446
12198
10376
10388
7829
10445
10055
10689
7204
11231
12040
10255
6927
9578
6723
10427
6650
5300
10944
7927
8267
6311
9022
11178
12224
9498
10048
4252
8149
8257
8586
11212
10766
10492
7881
9281
7493
9255
3358
7629
9836
8704
18506
14054
12466
9431
89621
5886
7497
10857
10824
7549
51435
7997
7971
7106
9122
3355
9819
37708
8496
5876
6940
9483
6809
9739
71537
4053
8815
8356
3514
8503
8062
5856
5478
6533
60509
26172
8208
7840
5785
8853
24816
8668
5251
11414
3748
6473
6047
7286
43348
5668
10875
7731
7989
13294
11080
61955
8858
9937
10842
12468
6148
6918
46589
9831
10076
6812
5593
8140
49
3056
6554
6642
62778
6885
5696
5980
5856
6273
9086
7445
52821
13152
9724
6637
8454
66713
8701
11554
93713
5633
11963
4911
15269
11734
8589
5778
6377
7028
6110
10947
10781
9264
13294
9021
11170
10640
13790
7111
6928
5908
10541
10921
8862
7893
8353
7642
8763
6413
12114
9911
6742
10188
12606
56813
10587
9437
6714
7295
12611
7184
10734
10482
6763
8099
11921
7500
12854
8969
11727
9795
11437
11079
8860
11882
8770
11047
10251
10922
9146
6006
8899
11515
9846
10220
11978
7484
9101
10298
9510
10625
10722
12446
6729
8931
6510
12123
10962
5926
7690
10063
9019
11633
10167
6037
12502
10900
11371
12040
8716
8869
7172
8397
6891
7665
10345
10938
11194
10603
8272
10198
9707
11472
7229
9142
4814
11671
7509
12126
10241
12209
12001
76380
8586
5579
10847
9667
13428
9859
9196
11443
5933
12958
16280
7669
10093
13767
10664
7950
11331
9666
6320
6731
8055
6302
10094
11994
10432
8083
8764
7001
6313
7434
7175
8758
9427
6498
10156
10044
11376
8080
6027
7259
9531
11344
8336
5592
10686
12964
9785
8760
10627
5737
5803
5927
10675
10662
8048
9125
12273
13015
12482
9457
3686
10395
8511
6561
10945
9990
9781
8642
4838
10308
19363
7675
31251
17193
44070
27504
66724
8384
4906
28929
26830
53854
9630
15779
8652
16915
13114
13043
14854
14536
14304
45347
5731
9793
5631
59927
10770
8708
9591
11984
8729
6124
6231
9245
55073
6727
10139
7194
6990
11284
1113
6373
7050
6808
356
7360
8158
10516
64902
8719
11550
8184
85968
7652
13203
7733
60522
9992
8782
53184
11016
6017
9480
9535
83157
10078
6283
5906
5507
8203
49065
51982
10323
7319
10340
4772
9930
8858
8887
