size
18221
586800
7470
18502
12283
8288
4249
33211
10840
7512
25347
4179
13208
27080
12604
9899
11947
9489
9243
43052
9821
12400
9027
9547
11044
5001
4469
12776
4379
7653
9207
3951
4598
6612
9583
3530
10847
8000
8972
4642
9070
5742
6706
5367
9288
6427
4450
5427
15615
5848
4286
11785
5675
6927
12601
12239
11736
11733
10650
69407
13903
4998
9150
6065
7846
3430
5501
8900
6273
7775
9417
4393
4411
2902
3725
4252
8908
6123
7797
3790
7544
3538
9032
6639
6684
6884
9758
8559
2374
5386
79048
2572
1627
5155
17155
11157
6493
5380
3327
5862
9487
11429
10778
9318
3434
5351
2688
7660
10053
6541
10485
16570
7636
5321
11399
21759
8109
5118
6443
5433
6302
6310
6670
16095
11137
5312
8075
63539
7256
15312
6986
8830
6066
14495
21359
41093
6918
9106
5805
6412
15267
5764
6642
16373
5764
9101
5083
5937
15042
23236
17717
55379
6292
54359
16436
10834
9311
10967
6740
9303
5308
4249
4992
15944
4663
7315
7631
11282
5462
9384
41299
11990
6792
10794
10657
11920
5572
11986
6471
14746
12482
11966
11491
7334
6019
5606
14793
5658
7682
7714
6700
5072
4918
41347
7916
7996
45847
31413
6536
5628
14950
14319
7460
8568
6777
11786
7077
17665
9532
11428
22886
4089
7110
7962
11303
11199
20975
10446
5178
17995
11122
17495
18349
11426
10627
7457
4087
11634
10244
7379
9849
7334
6725
10294
12857
6847
11992
3428
7110
17595
5223
5592
7960
10906
7734
15702
34913
6630
12061
33834
6532
15676
10688
7295
16818
15676
11677
6255
11420
50519
38220
10979
9502
39947
18550
5587
19051
52553
18220
8019
4925
6612
14881
6483
10605
11485
12507
7694
11463
6535
16589
49226
11222
6733
4178
8096
11122
9903
74216
9257
6165
47772
12469
6612
10446
11929
18068
4993
10715
42652
11924
57924
8742
6587
21623
22100
5485
1910
11635
9078
11791
20038
4855
10741
7667
24194
16256
2921
47827
10370
13881
22270
20507
8968
67939
18570
20053
18562
14510
20822
1652
6991
15095
7945
16134
6623
7290
10413
14175
10746
6148
7781
6543
10038
6645
6495
4851
6975
10796
11191
3860
14397
11497
13984
19288
6876
11113
1732
1853
10328
10810
43963
6829
19286
26993
7271
13940
23625
22480
16469
9843
20151
9579
11288
7461
10198
8142
15457
6166
16964
10429
6465
7255
18807
43484
11069
2656
9558
15444
10671
2120
15197
10511
4899
5989
36145
5933
6379
9306
14480
20377
9721
19776
11289
7425
8654
