size
11068
18824
6992
6855
12776
9835
18145
11812
7955
10591
11949
11005
14094
12105
11876
11325
10689
11719
10106
12916
13644
9871
12181
11828
18036
28161
21534
22532
2472
1541
2344
2550
1022
2218
1501
1681
29637
5311
4850
9522
8733
22862
12919
18920
19374
13148
18140
14513
21853
14507
14661
11773
16139
10860
16145
15774
18352
18369
11469
13927
16768
12338
14649
13930
11130
13411
14040
14980
16054
11988
15726
16801
5782
7022
8455
5496
11433
12298
16289
10958
14295
25501
19484
16305
4879
28760
17552
5057
8176
16390
19124
12752
24118
17473
12242
9843
16422
7121
21867
10853
13609
14123
9412
4460
7665
6053
15125
