size
507
472
14898
14112
13858
10373
13676
3717
10652
20579
10948
3864
14184
9664
5680
12377
9419
2951
3114
15182
7607
17112
3762
16221
3863
16009
11112
10067
3338
15148
9389
16963
13246
19150
4844
7192
2223
11169
3824
13117
2883
7466
2359
6866
2800
3503
1618
14660
3319
8519
2181
7882
2586
12096
7232
23069
481
19820
8664
10484
361
234
12629
688
10235
29062
24614
8257
2095
10408
18938
19158
5787
22168
183
481
457
453
416
9413
5348
3691
9734
9681
3821
2692
10391
13801
6139
15113
11605
11686
8361
3757
9407
8612
15474
16565
19954
18720
7334
1827
7083
9753
19916
8453
10909
6479
