size
28532
17049
23728
20955
18108
26252
13962
18340
21319
19583
9728
46129
8108
8561
65095
18524
38905
12004
14516
12406
14087
13080
18278
24392
9387
14366
55177
16579
5837
7789
10777
20578
15526
16787
12814
7692
6363
6440
13441
14959
15117
17592
10967
11358
12849
18466
5483
45646
17839
28822
4881
6468
16630
5798
7226
5875
10438
2168
4206
5988
4463
6835
4788
3972
14334
5041
4846
3214
5864
7401
14848
2279
4476
8109
12921
6920
6801
9752
25012
22836
3349
3264
17248
5062
4818
4684
5206
4938
4550
5284
6133
4743
4619
6101
5775
5493
18243
73097
6162
96080
3765
38120
19173
10960
17676
