size
8814
5475
5081
8734
6530
6357
6987
8714
6868
6262
11130
9046
6477
8891
9926
20107
8727
8147
12456
8794
3192
12433
7654
13867
12414
12099
24358
20446
27247
18121
14986
7810
7410
18733
9898
10138
6805
12087
6093
1017
6463
7651
7937
18178
3277
13289
8748
15059
15575
9117
17871
21057
17555
13277
10154
14118
9791
6774
8690
8434
9912
12984
9369
11787
12408
10758
19361
17771
9587
7558
8165
10746
15498
7866
8470
24299
13719
20643
9463
6611
16637
9459
19517
11782
7735
18836
3857
7825
16030
5657
5507
12733
17114
12474
17569
8930
13779
5253
4583
7971
19183
6079
4155
14653
9951
11752
5562
9031
20315
4811
9222
6165
10274
13667
12477
8475
5935
18560
20991
10065
5109
24358
5539
9569
3950
5459
10493
2550
828
20446
1378
11433
3115
2807
10518
2168
4179
4793
4869
15218
23698
10420
16019
14743
13917
15575
13502
14257
15262
6512
7400
5841
6203
16708
