size
17335
10030
23289
13725
5124
12307
20114
12226
10168
8922
7745
6342
13419
18343
17001
13850
14637
4388
18140
14749
12608
15759
16983
12649
11600
9586
14535
11167
15260
14957
11058
14962
13008
14663
11540
17313
12263
17803
16999
16155
16207
13639
18783
20934
17281
16679
16511
18943
10637
8969
4471
23310
9091
4471
10046
5924
6113
3745
9748
13479
5512
7359
8579
6403
5977
8515
7197
9232
8261
6620
11903
4210
7231
5887
8536
20829
17520
9429
2718
8538
6246
7290
9347
4673
7593
6738
3627
5033
2854
8046
2247
4084
4669
1801
1737
7544
8306
8141
5976
10560
8955
6543
8655
16561
13633
6361
8018
10304
14637
10892
7134
12302
